0.183 0.56326
0.491 0.53545
0.799 0.53235
1.107 0.53859
1.415 0.54834
1.723 0.56162
2.031 0.5744
2.339 0.58649
2.647 0.59829
2.955 0.60981
3.263 0.62084
3.571 0.63116
3.879 0.64057
4.187 0.64909
4.495 0.6569
4.803 0.66421
5.111 0.67107
5.419 0.67749
5.728 0.68345
6.036 0.68893
6.344 0.69393
6.652 0.69846
6.96 0.70262
7.268 0.70647
7.576 0.71008
7.884 0.71351
8.192 0.71679
8.5 0.71997
8.808 0.723
9.116 0.72581
9.424 0.72836
9.732 0.73062
10.04 0.73261
10.348 0.73434
10.656 0.73583
10.964 0.73716
11.272 0.73835
11.58 0.73945
11.888 0.74046
12.196 0.74142
12.504 0.74233
12.812 0.74321
13.12 0.74409
13.428 0.74496
13.737 0.74578
14.045 0.74652
14.353 0.74718
14.661 0.74774
14.969 0.74822
15.277 0.74863
15.585 0.749
15.893 0.74932
16.201 0.74961
16.509 0.74987
16.817 0.75012
17.125 0.75036
17.433 0.75058
17.741 0.75079
18.049 0.75099
18.357 0.75119
18.665 0.75138
18.973 0.75157
19.281 0.75175
19.589 0.75193
19.897 0.75211
20.205 0.75229
