0.007 0.82521
0.316 0.8243
0.624 0.81949
0.932 0.81259
1.24 0.80494
1.548 0.79712
1.856 0.7899
2.165 0.78355
2.473 0.77744
2.781 0.77133
3.089 0.76587
3.397 0.76118
3.705 0.75686
4.013 0.75274
4.322 0.74886
4.63 0.74527
4.938 0.74207
5.246 0.73927
5.554 0.73683
5.862 0.73465
6.171 0.73265
6.479 0.73078
6.787 0.72899
7.095 0.72726
7.403 0.72558
7.711 0.72398
8.02 0.7226
8.328 0.72153
8.636 0.72062
8.944 0.71978
9.252 0.719
9.56 0.71826
9.869 0.71759
10.177 0.71696
10.485 0.71641
10.793 0.71592
11.101 0.71551
11.409 0.71517
11.718 0.71488
12.026 0.71465
12.334 0.71446
12.642 0.71429
12.95 0.71413
13.258 0.71398
13.566 0.71382
13.875 0.71365
14.183 0.71348
14.491 0.71332
14.799 0.71316
15.107 0.71302
15.415 0.71288
15.724 0.71276
16.032 0.71265
16.34 0.71256
16.648 0.71247
16.956 0.71239
17.264 0.71231
17.573 0.71225
17.881 0.71218
18.189 0.71212
18.497 0.71206
18.805 0.712
19.113 0.71195
19.422 0.71189
19.73 0.71184
20.038 0.71179
20.346 0.71174
