5.000000000000000000e-01 5.615821622275134484e-01
5.573370443444848332e-01 5.511267991316644022e-01
6.118047016901971835e-01 5.396857059639975640e-01
6.665869780592329485e-01 5.317289146768215957e-01
7.186045584073120773e-01 5.273917837574295664e-01
7.710916898710226119e-01 5.241854915610041354e-01
8.235979730657790876e-01 5.207821594241924812e-01
8.760692446974314151e-01 5.172772481954790447e-01
9.265935765626687193e-01 5.143640020150910264e-01
9.791107823686239220e-01 5.120600474950199876e-01
1.029759925632952600e+00 5.103269721018337535e-01
1.080399773562156440e+00 5.088901903765353785e-01
1.131058686818038561e+00 5.077210755838789114e-01
1.181762238128156062e+00 5.068435399996561452e-01
1.232472774242446834e+00 5.062664067059402528e-01
1.283199933405577697e+00 5.059490870101616133e-01
1.333970042661434929e+00 5.058378059467973920e-01
1.384757412818813149e+00 5.059222088076154034e-01
1.435530317754698082e+00 5.061921977187144872e-01
1.486340137748761725e+00 5.066316255710650029e-01
1.537171920991883711e+00 5.072189246775575810e-01
1.587994584218363148e+00 5.079468424734150389e-01
1.636902677647544158e+00 5.087586856446925099e-01
1.689725093095054920e+00 5.097464354073918402e-01
1.740611830795757653e+00 5.108124781197398434e-01
1.791507928530582605e+00 5.119629121956397189e-01
1.842404993932727164e+00 5.131925156809840072e-01
1.893325546580536534e+00 5.145083752180434900e-01
1.944249798071137514e+00 5.158836101739472380e-01
1.997153648865487074e+00 5.173766033584248358e-01
2.048095067487746945e+00 5.188716369376399351e-01
2.101012399579033740e+00 5.204763107913884523e-01
2.151974408037131248e+00 5.220636508101526019e-01
2.204898888431588766e+00 5.237530332061615113e-01
2.257847863307863800e+00 5.254827454788210117e-01
2.310787230424962146e+00 5.272386741600310067e-01
2.363756399899360261e+00 5.290275310192105174e-01
2.416722761486763904e+00 5.308368943974552945e-01
2.469690068487039092e+00 5.326749278404621091e-01
2.522680759621307445e+00 5.345229069994975601e-01
2.575655201569412078e+00 5.363922605657083231e-01
2.630598349553773918e+00 5.383473136403694737e-01
2.683597249145409869e+00 5.402339456907275794e-01
2.738570930710935158e+00 5.422053132199673442e-01
2.791577752653873645e+00 5.441062905252583848e-01
2.846546792286342775e+00 5.460904346105557305e-01
2.901538563072033394e+00 5.480645884181892802e-01
2.956514143161641961e+00 5.500430702714760312e-01
3.011499292029151675e+00 5.520245896310096434e-01
3.066511116860027197e+00 5.539928581504793836e-01
3.121514543107950956e+00 5.559569949693563551e-01
3.178482137628749982e+00 5.579853635653307942e-01
3.233475738062078442e+00 5.599415364134789908e-01
3.290453518883222461e+00 5.619455167567624088e-01
3.345482345070557972e+00 5.638771746750566027e-01
3.402464724095958015e+00 5.658655609562598388e-01
3.459438565077142869e+00 5.678452353356258087e-01
3.516434252724687681e+00 5.697987753550897150e-01
3.573439146122839194e+00 5.717455847159504945e-01
3.630426312318618898e+00 5.736759670336053496e-01
3.687423090425256511e+00 5.755967287974115276e-01
3.746404403763160751e+00 5.775533844292840557e-01
3.803404943814883143e+00 5.794333065404526639e-01
3.862384005433269873e+00 5.813589993295193992e-01
3.919377709669446208e+00 5.832073177690456633e-01
3.978364443322551569e+00 5.850934413630047848e-01
4.037352135201054182e+00 5.869549225944489246e-01
4.096330068434973271e+00 5.887998309764266303e-01
4.155320840991706177e+00 5.906241294531762165e-01
4.214294417330152420e+00 5.924329591290384833e-01
4.273285840453193707e+00 5.942123302670556662e-01
4.332280540401889368e+00 5.959712257307977490e-01
4.393232898831729294e+00 5.977633950877869751e-01
4.452229931099820348e+00 5.994784851321429686e-01
4.511225730617324459e+00 6.011745971894053575e-01
4.572187802156990166e+00 6.029032512947590794e-01
4.633168541227031589e+00 6.046045277937717177e-01
4.694114001477258213e+00 6.062789922046984969e-01
4.753115657263276006e+00 6.078786539250936594e-01
4.814084271867072218e+00 6.095101529313486921e-01
4.875059527707911400e+00 6.111240624671860910e-01
4.937994140196876991e+00 6.127637509349848077e-01
4.998974670772388329e+00 6.143244400145720929e-01
5.059934468427060850e+00 6.158588967635859612e-01
5.120902373425213483e+00 6.173677006868738548e-01
5.183840290638366710e+00 6.189052707121488472e-01
5.244819477968748700e+00 6.203738644340203168e-01
5.307771477652834413e+00 6.218709628982035387e-01
5.370706985408603806e+00 6.233399161321685478e-01
5.431697459068994149e+00 6.247366499334844336e-01
5.494621599649165411e+00 6.261525153806610788e-01
5.557576227949980741e+00 6.275393018457826599e-01
5.620514135046431825e+00 6.289100830830337552e-01
5.683454962581501846e+00 6.302565101186937691e-01
5.746417672612269101e+00 6.315831281833315103e-01
5.809366851247886210e+00 6.328901596498840432e-01
5.872310961004028940e+00 6.341762554976944077e-01
5.937220050681074390e+00 6.354718207266126795e-01
6.000178771271109213e+00 6.367049359100526162e-01
6.063120527964408701e+00 6.379097975677441301e-01
6.128034383346804503e+00 6.391294798312768810e-01
6.190977664054683416e+00 6.402951654385319324e-01
6.255893737928619025e+00 6.414750471491361683e-01
6.320807340935656882e+00 6.426290628205264532e-01
6.383772928348370179e+00 6.437314900987607391e-01
6.448698023500812226e+00 6.448488167770212165e-01
6.513609118203448567e+00 6.459485415942601838e-01
6.578532156953589727e+00 6.470274273700314938e-01
6.643444694605626033e+00 6.480813637027230678e-01
6.708365497885128370e+00 6.491105902488367718e-01
6.773277984679190844e+00 6.501186551746644948e-01
6.838200574608849891e+00 6.511021738788260738e-01
6.903114314916557248e+00 6.520644612536912188e-01
6.968031683281337152e+00 6.530072230304709846e-01
7.032944502176029289e+00 6.539325841417121810e-01
7.097860185500304731e+00 6.548406128288319916e-01
7.164741182311020751e+00 6.557565734966853688e-01
7.229660232058746416e+00 6.566235017339924207e-01
7.296548611496099568e+00 6.574976791831023126e-01
7.361460952256936530e+00 6.583309685397611410e-01
7.426384424019147446e+00 6.591497071587071321e-01
7.493281167666943965e+00 6.599754424997887892e-01
7.560168772836328266e+00 6.607845828509887331e-01
7.625092684640471852e+00 6.615532712625500356e-01
7.691981720104214659e+00 6.623315883885655397e-01
7.758856632872353387e+00 6.630915853990951847e-01
7.823781736401071107e+00 6.638112311646324759e-01
7.890665533602763126e+00 6.645357679874246415e-01
7.957547895707025809e+00 6.652419303942759266e-01
8.024432715526458537e+00 6.659305526788863450e-01
8.091312894578615911e+00 6.666000046825277803e-01
8.156231332290223790e+00 6.672319755425664134e-01
8.223116581874467812e+00 6.678670711982545027e-01
8.290005658867448446e+00 6.684862304532955823e-01
8.356887976667534801e+00 6.690899043163986981e-01
8.423771032523763580e+00 6.696774496962391021e-01
8.490649481665329290e+00 6.702496472596796151e-01
8.557522350367349873e+00 6.708072332560391926e-01
8.626376676025207857e+00 6.713668072334834092e-01
8.693251874009416014e+00 6.718973498813209932e-01
8.760137337986265038e+00 6.724149738174988178e-01
8.827022795591556559e+00 6.729201908828181811e-01
8.893905300409556958e+00 6.734125611651667898e-01
8.962757034187051275e+00 6.739073161896744768e-01
9.029638390834049844e+00 6.743750079222535776e-01
9.096522111452518544e+00 6.748306307375189217e-01
9.163400371914971032e+00 6.752743780506818005e-01
9.232249026428238636e+00 6.757191211585166224e-01
9.299130327175733512e+00 6.761398106383371687e-01
9.367977980685536110e+00 6.765606361994633833e-01
9.434858015640854134e+00 6.769582376529785783e-01
9.501739249024337752e+00 6.773445992948707861e-01
9.570589856507513815e+00 6.777309100124716545e-01
9.637469464133818775e+00 6.780959252842968521e-01
9.706316802607689809e+00 6.784603793982045827e-01
9.773195826487254934e+00 6.788041725213203037e-01
9.842042844011377412e+00 6.791477540647936628e-01
9.908927704577966011e+00 6.794714707879759841e-01
9.977762896390560243e+00 6.797957417766996580e-01
1.004465004499451730e+01 6.801016517915491333e-01
1.011350100735234214e+01 6.804072571665817915e-01
1.018233900061627040e+01 6.807033130391475506e-01
1.024922478707371987e+01 6.809810361571302373e-01
1.031805344852075912e+01 6.812576027786781951e-01
1.038691368455561559e+01 6.815256457956249125e-01
1.045378908620439695e+01 6.817776308322756051e-01
1.052263177840422159e+01 6.820290239342950978e-01
1.059145515807881921e+01 6.822724302931280072e-01
1.065833751603589086e+01 6.825010185571658283e-01
1.072718651031614456e+01 6.827291665185626357e-01
1.079602911962509815e+01 6.829506124401627520e-01
1.086291675227231046e+01 6.831585711547714101e-01
1.093174634867176032e+01 6.833653659225810140e-01
1.100060863018865476e+01 6.835648621786444279e-01
1.106944280021283866e+01 6.837576403749233700e-01
1.113632850106881023e+01 6.839383503129012887e-01
1.120516010983548405e+01 6.841187458872245442e-01
1.127400380175584793e+01 6.842930871415935368e-01
1.134284179421775995e+01 6.844614242796664971e-01
1.141166806887219920e+01 6.846237000349136848e-01
1.147855127286295485e+01 6.847753976671733245e-01
1.154738782646477269e+01 6.849252510324438381e-01
1.161623630643874527e+01 6.850692129957555165e-01
1.168505842493518720e+01 6.852074939082686278e-01
1.175391536032990913e+01 6.853399272941566034e-01
1.182274638836601177e+01 6.854665266399779799e-01
1.188963104919130842e+01 6.855846692176278401e-01
1.195845547835299705e+01 6.857013830868978754e-01
1.202731478182330527e+01 6.858119908293878186e-01
1.209614475106909559e+01 6.859173890732748191e-01
1.216497054321082416e+01 6.860181134155415306e-01
1.223382825136705065e+01 6.861132545829513596e-01
1.230265209643498991e+01 6.862025248941419076e-01
1.237149194915828154e+01 6.862870680447565874e-01
1.243835940293698172e+01 6.863648265385269287e-01
1.250721747852188415e+01 6.864398926212432750e-01
1.257604450693293963e+01 6.865106041394219982e-01
1.264486038353455655e+01 6.865773128274733628e-01
1.271371810597256946e+01 6.866403103294823618e-01
1.278254776526070380e+01 6.866993068413621559e-01
1.285138401148426013e+01 6.867544797727128669e-01
1.292023907231533109e+01 6.868061159137199834e-01
1.298905686360941836e+01 6.868543077520482543e-01
1.305790479442187824e+01 6.868987784725357759e-01
1.312674690598830374e+01 6.869402002432354326e-01
1.319556909736137840e+01 6.869785058851044512e-01
1.326245161240712456e+01 6.870123300674642053e-01
1.333127245128977556e+01 6.870438594391516940e-01
1.340013155927415234e+01 6.870728886133509183e-01
1.346895469144718582e+01 6.870994975410131822e-01
1.353777762584361888e+01 6.871247181589537067e-01
1.360662785991119961e+01 6.871488175558764233e-01
1.367544878785064633e+01 6.871720558769237597e-01
1.374428214965908346e+01 6.871938693235976059e-01
1.381312932176007280e+01 6.872133619772614610e-01
1.388194465214492723e+01 6.872307426959567422e-01
1.395079351717117433e+01 6.872461400931587638e-01
1.401962713744571154e+01 6.872609574399045629e-01
1.408844962801130229e+01 6.872739590861776104e-01
1.415731004602544552e+01 6.872853893956469840e-01
1.422613149449683689e+01 6.872964383426243273e-01
1.429495740102530910e+01 6.873064108706817832e-01
1.436380453198201579e+01 6.873148215033118014e-01
1.443065403610304465e+01 6.873226324077639227e-01
1.449950750478413930e+01 6.873298145914307211e-01
1.456832939290377027e+01 6.873364872110125923e-01
1.463715672995220629e+01 6.873430889192910787e-01
1.470601147969335720e+01 6.873491311886669175e-01
1.477483341431962494e+01 6.873543816193790068e-01
1.484366314010727095e+01 6.873585165546328701e-01
1.491251548766716795e+01 6.873625036735200311e-01
1.498134130548035259e+01 6.873670871842243457e-01
1.505016219413117184e+01 6.873717571261938053e-01
1.511901645133012018e+01 6.873752884832764476e-01
1.518784059131670006e+01 6.873778084073911554e-01
1.525666672790968015e+01 6.873797011487911002e-01
1.532551926042055790e+01 6.873801542092982109e-01
1.539434006930996901e+01 6.873797537819266168e-01
1.546316063907522143e+01 6.873789277643551632e-01
1.553201883456828014e+01 6.873781171989208350e-01
1.560084111667786466e+01 6.873772762353989041e-01
1.566966170330494812e+01 6.873760074731286585e-01
1.573851229554905018e+01 6.873737454605380881e-01
1.580733752153031979e+01 6.873711544957380459e-01
1.587420836029781590e+01 6.873677414837158217e-01
1.594303882317274912e+01 6.873646127977289799e-01
1.601186431373854546e+01 6.873609015452364357e-01
1.608070385314540118e+01 6.873567392690331790e-01
1.614953816057106195e+01 6.873524662126871965e-01
1.621835749657712000e+01 6.873478246364064237e-01
1.628720481800497311e+01 6.873429321740801567e-01
1.635603911771559638e+01 6.873380613258559535e-01
1.642485842115023686e+01 6.873328384851874473e-01
1.649369239789430708e+01 6.873277773325431328e-01
1.656253582770512622e+01 6.873223914543464819e-01
1.663135523357358636e+01 6.873163913502372546e-01
1.670017717330813412e+01 6.873096325621971259e-01
1.676903287616554294e+01 6.873022003390487633e-01
1.683784920864419732e+01 6.872954948632240546e-01
1.690667151955652514e+01 6.872890978531367434e-01
1.697552931859645398e+01 6.872823495950322048e-01
1.704434958616865714e+01 6.872750579114476066e-01
1.711317256878500714e+01 6.872676043132860402e-01
1.718202473641668959e+01 6.872595762402663455e-01
1.724886205613335477e+01 6.872512474469354427e-01
1.731771227938800806e+01 6.872423272940125782e-01
1.738653593004511322e+01 6.872330304139753210e-01
1.745535514063758953e+01 6.872228967607599825e-01
1.752419771241965307e+01 6.872125074279367141e-01
1.759303186447459311e+01 6.872020824723571453e-01
1.766185080915786543e+01 6.871911415778592103e-01
1.773069642553486958e+01 6.871797604472910104e-01
1.779953444849171262e+01 6.871685152349457093e-01
1.786835332293590284e+01 6.871569299949483733e-01
1.793718855792569755e+01 6.871451924719736981e-01
1.800603171474532260e+01 6.871323920232642601e-01
1.807485081051050457e+01 6.871189424152442937e-01
1.814367628992647852e+01 6.871054450924907187e-01
1.821252643251181880e+01 6.870917099734501488e-01
1.828134644648308083e+01 6.870777152545977096e-01
1.835016653850764712e+01 6.870632657228078477e-01
1.841703709448104576e+01 6.870490990665438780e-01
1.848585914537725472e+01 6.870341467408707103e-01
1.855470567722928976e+01 6.870185459477454737e-01
1.862353129564297660e+01 6.870026731709594214e-01
1.869235021275776631e+01 6.869863756977807601e-01
1.876118868316603283e+01 6.869703375878423168e-01
1.883002350531217672e+01 6.869551518654238853e-01
1.889883830687076482e+01 6.869399443524100146e-01
1.896767580505405348e+01 6.869245559272989521e-01
1.903651882798741468e+01 6.869085097985925259e-01
1.910534312594272066e+01 6.868923544852698626e-01
1.917416460893382890e+01 6.868761102078260183e-01
1.924301881695071970e+01 6.868593887568235079e-01
1.931183890029547356e+01 6.868429242984738226e-01
1.938065918682203659e+01 6.868272610917558474e-01
1.944753727254105513e+01 6.868125851966747630e-01
1.951635729002791209e+01 6.867967014274101167e-01
1.958521139963893987e+01 6.867805852659070176e-01
1.965403842056965189e+01 6.867648958230053724e-01
1.972285750473753652e+01 6.867488493103964808e-01
1.979169612428531977e+01 6.867328426032375255e-01
1.986053157406149339e+01 6.867173827874157865e-01
1.992935321524461401e+01 6.867022121783933342e-01
1.999818679505640873e+01 6.866874532721122248e-01
2.006702993077523089e+01 6.866724748403393308e-01
2.013584645275860296e+01 6.866582010352310084e-01
2.020467208610460830e+01 6.866448474165655069e-01
2.027154256452455172e+01 6.866315361280419527e-01
2.034036464367348174e+01 6.866183538230352656e-01
2.040921670245614195e+01 6.866048755490037347e-01
2.047803882916261387e+01 6.865918689316794499e-01
2.054685895363617831e+01 6.865796256869427516e-01
2.061571622025688555e+01 6.865678110188908612e-01
2.068453419503670787e+01 6.865563153250902051e-01
2.075335317105308519e+01 6.865444927380663920e-01
2.082218491556451667e+01 6.865329468764379550e-01
2.089103009962218138e+01 6.865218529398895431e-01
2.095984937045859198e+01 6.865115562358667933e-01
2.102672344691011475e+01 6.865015899544095745e-01
2.109554501568726792e+01 6.864916241241549866e-01
2.116436712797677799e+01 6.864823640721711140e-01
2.123321926941650517e+01 6.864732043379823123e-01
2.130204144812743294e+01 6.864642627150751020e-01
2.137086161649909855e+01 6.864555252726690648e-01
2.143971593825192556e+01 6.864470027814959519e-01
2.150853776332997214e+01 6.864386020130647248e-01
2.157735700307434357e+01 6.864297157731047427e-01
2.164619986002536223e+01 6.864208266933679026e-01
2.171503417731654650e+01 6.864132627844958812e-01
2.178188686301013988e+01 6.864063559858646357e-01
2.185073017172597787e+01 6.863992242536617328e-01
2.191954951895946024e+01 6.863920183232741223e-01
2.198837338443852119e+01 6.863847510468427116e-01
2.205722226387298690e+01 6.863773336815397474e-01
2.212604443243456842e+01 6.863706203910387993e-01
2.219486461547822032e+01 6.863641594510559996e-01
2.226371276099889585e+01 6.863577412209609374e-01
2.233254083829264758e+01 6.863517304253234919e-01
2.240136009612536228e+01 6.863457045911095511e-01
2.246823715447941439e+01 6.863401556626625988e-01
2.253705616140669576e+01 6.863344424623946116e-01
2.260588987870056243e+01 6.863286315889705058e-01
2.267473318620925582e+01 6.863227710438694062e-01
2.274355251172132952e+01 6.863171102072648244e-01
2.281237418484606394e+01 6.863115761858947783e-01
2.288122862319958628e+01 6.863057876158331627e-01
2.295004896915139980e+01 6.863004705272438555e-01
2.301887106231345115e+01 6.862954389945626898e-01
2.308771350943906953e+01 6.862898988242610576e-01
2.315456547628511075e+01 6.862848995225616644e-01
2.322341579518730370e+01 6.862792569704836421e-01
2.329223777698485875e+01 6.862732898729988484e-01
2.336105676539351705e+01 6.862676094177500019e-01
2.342989043295708029e+01 6.862629320399443733e-01
2.349873373406715871e+01 6.862583682810392549e-01
2.356755304745449209e+01 6.862532364924950334e-01
2.363637468898580707e+01 6.862482303954119400e-01
2.370522905445393747e+01 6.862429525696838173e-01
2.377404529294375024e+01 6.862376654589072977e-01
2.384091942858973212e+01 6.862325367317065883e-01
2.390974154741358504e+01 6.862277966545418106e-01
2.397856167355154255e+01 6.862229106080511842e-01
2.404741195142945287e+01 6.862178906850817661e-01
2.411623768490695952e+01 6.862133248680012398e-01
2.418506084971827619e+01 6.862084249285288484e-01
2.425389042305593534e+01 6.862032045339007125e-01
2.432272965711288748e+01 6.861975279805111461e-01
2.439154891652998458e+01 6.861923874290111192e-01
2.445842489125197972e+01 6.861879191918133225e-01
2.452724515988327525e+01 6.861825624837908366e-01
2.459607121509981909e+01 6.861774821263817437e-01
2.466492332060808934e+01 6.861727780773950736e-01
2.473374542345132454e+01 6.861677517898250311e-01
2.480256553758010796e+01 6.861630175751508576e-01
2.487141581954405467e+01 6.861583191938063209e-01
2.494024155843671764e+01 6.861539636367621764e-01
2.500906068960307138e+01 6.861490491007231629e-01
2.507790342382227067e+01 6.861437255070478303e-01
2.514475658888151344e+01 6.861390444455349735e-01
2.521359026082326693e+01 6.861340328464604621e-01
2.528243353526193360e+01 6.861289072735476946e-01
2.535124905764615377e+01 6.861240853255385908e-01
2.542007107963189938e+01 6.861194143795807943e-01
2.548892314687171989e+01 6.861144583525783380e-01
2.555774524303070550e+01 6.861093383501803977e-01
2.562656533775427192e+01 6.861045276320093533e-01
2.569541560251769141e+01 6.860996955225299176e-01
2.576226052984968717e+01 6.860953284222144344e-01
2.583110330778946206e+01 6.860909099061148764e-01
2.589993754337750076e+01 6.860867436081250492e-01
2.596875649123090213e+01 6.860823995830213073e-01
2.603759014968034791e+01 6.860780422059306050e-01
2.610643341992435751e+01 6.860735550222378798e-01
2.617524896327823924e+01 6.860689051802218996e-01
2.624407100920922531e+01 6.860642412741136953e-01
2.631292313781870007e+01 6.860599934906113084e-01
2.637976539259954478e+01 6.860566951937950853e-01
2.644861571018327240e+01 6.860532294392791552e-01
2.651744149634517456e+01 6.860497466438375547e-01
2.658626067912767965e+01 6.860457597290502418e-01
2.658824150459405544e+01 6.860457130829461514e-01
