5.000000000000000000e-01 8.250886752499265731e-01
5.573370443444848332e-01 8.250290874117388595e-01
6.118047016901971835e-01 8.248624519543353850e-01
6.665869780592329485e-01 8.243037812982977330e-01
7.186045584073120773e-01 8.233266087295273428e-01
7.710916898710226119e-01 8.220949472167483618e-01
8.235979730657790876e-01 8.209053041259656291e-01
8.760692446974314151e-01 8.197467040203574307e-01
9.265935765626687193e-01 8.186535822744301916e-01
9.791107823686239220e-01 8.174399898407306297e-01
1.029759925632952600e+00 8.161979851461241831e-01
1.080399773562156440e+00 8.149126521710811089e-01
1.131058686818038561e+00 8.136716455200777576e-01
1.181762238128156062e+00 8.123885387451565965e-01
1.232472774242446834e+00 8.110821373868960515e-01
1.283199933405577697e+00 8.098176620354552435e-01
1.333970042661434929e+00 8.085107473956606450e-01
1.384757412818813149e+00 8.071953635837086916e-01
1.435530317754698082e+00 8.059235347417413875e-01
1.486340137748761725e+00 8.046187558649717797e-01
1.537171920991883711e+00 8.033110205993970743e-01
1.587994584218363148e+00 8.020422049026031397e-01
1.636902677647544158e+00 8.007935698298058735e-01
1.689725093095054920e+00 7.994665838526553436e-01
1.740611830795757653e+00 7.982138093020345604e-01
1.791507928530582605e+00 7.969443776933335943e-01
1.842404993932727164e+00 7.956749144902918180e-01
1.893325546580536534e+00 7.944717839098208723e-01
1.944249798071137514e+00 7.931971073201933287e-01
1.997153648865487074e+00 7.919089002106690645e-01
2.048095067487746945e+00 7.907296893915651825e-01
2.101012399579033740e+00 7.894586136950170197e-01
2.151974408037131248e+00 7.882500210467922042e-01
2.204898888431588766e+00 7.870336460741057527e-01
2.257847863307863800e+00 7.857969149460674041e-01
2.310787230424962146e+00 7.845850558329642288e-01
2.363756399899360261e+00 7.833920155389865192e-01
2.416722761486763904e+00 7.822016047177058340e-01
2.469690068487039092e+00 7.810380025551397765e-01
2.522680759621307445e+00 7.798686421076195252e-01
2.575655201569412078e+00 7.787270479322027095e-01
2.630598349553773918e+00 7.775456303084827825e-01
2.683597249145409869e+00 7.764084752818766200e-01
2.738570930710935158e+00 7.752741859833648386e-01
2.791577752653873645e+00 7.741788204832963372e-01
2.846546792286342775e+00 7.730775127214477571e-01
2.901538563072033394e+00 7.719563498535992885e-01
2.956514143161641961e+00 7.708751147034866857e-01
3.011499292029151675e+00 7.697983536073312871e-01
3.066511116860027197e+00 7.687312815206855943e-01
3.121514543107950956e+00 7.676903619701348491e-01
3.178482137628749982e+00 7.666389902163276426e-01
3.233475738062078442e+00 7.656286640249151398e-01
3.290453518883222461e+00 7.645695923511564018e-01
3.345482345070557972e+00 7.636134507088710999e-01
3.402464724095958015e+00 7.626207021706872258e-01
3.459438565077142869e+00 7.616358115171546483e-01
3.516434252724687681e+00 7.606415917755564582e-01
3.573439146122839194e+00 7.597168580855108155e-01
3.630426312318618898e+00 7.587931009525045178e-01
3.687423090425256511e+00 7.578768979093086777e-01
3.746404403763160751e+00 7.569339626198940962e-01
3.803404943814883143e+00 7.560598503191428010e-01
3.862384005433269873e+00 7.551743740674685679e-01
3.919377709669446208e+00 7.543187832135965776e-01
3.978364443322551569e+00 7.534640071509212111e-01
4.037352135201054182e+00 7.526022639229191791e-01
4.096330068434973271e+00 7.518027073971368379e-01
4.155320840991706177e+00 7.510055610270329751e-01
4.214294417330152420e+00 7.501910540531506744e-01
4.273285840453193707e+00 7.494327465403762822e-01
4.332280540401889368e+00 7.486570533009500039e-01
4.393232898831729294e+00 7.479120064442696947e-01
4.452229931099820348e+00 7.471954723652307617e-01
4.511225730617324459e+00 7.464826595010893850e-01
4.572187802156990166e+00 7.457694755905656114e-01
4.633168541227031589e+00 7.450487928979734331e-01
4.694114001477258213e+00 7.443775440954333300e-01
4.753115657263276006e+00 7.437624290159134954e-01
4.814084271867072218e+00 7.431208927953117938e-01
4.875059527707911400e+00 7.424636095681801384e-01
4.937994140196876991e+00 7.418341961217365110e-01
4.998974670772388329e+00 7.412110297043462692e-01
5.059934468427060850e+00 7.406404808223475689e-01
5.120902373425213483e+00 7.400908397754709656e-01
5.183840290638366710e+00 7.395173792731648543e-01
5.244819477968748700e+00 7.389834062759396138e-01
5.307771477652834413e+00 7.384327377029733519e-01
5.370706985408603806e+00 7.379184837868850710e-01
5.431697459068994149e+00 7.374050346906221298e-01
5.494621599649165411e+00 7.369151812369630905e-01
5.557576227949980741e+00 7.364359539270934896e-01
5.620514135046431825e+00 7.359913913310406341e-01
5.683454962581501846e+00 7.355374844759378083e-01
5.746417672612269101e+00 7.350999301983771606e-01
5.809366851247886210e+00 7.346669082926006178e-01
5.872310961004028940e+00 7.342547440477661391e-01
5.937220050681074390e+00 7.338501473356048299e-01
6.000178771271109213e+00 7.334422571908475463e-01
6.063120527964408701e+00 7.330756937543573271e-01
6.128034383346804503e+00 7.327084947641440138e-01
6.190977664054683416e+00 7.323709743836621655e-01
6.255893737928619025e+00 7.320432135689239894e-01
6.320807340935656882e+00 7.317012441673700351e-01
6.383772928348370179e+00 7.313944120529594084e-01
6.448698023500812226e+00 7.310716896348696814e-01
6.513609118203448567e+00 7.307770729165353751e-01
6.578532156953589727e+00 7.304734398039760546e-01
6.643444694605626033e+00 7.302123138884516473e-01
6.708365497885128370e+00 7.299366441123632532e-01
6.773277984679190844e+00 7.296691255140697052e-01
6.838200574608849891e+00 7.294161335590599871e-01
6.903114314916557248e+00 7.291881710288593554e-01
6.968031683281337152e+00 7.289586265138742194e-01
7.032944502176029289e+00 7.287500745554376103e-01
7.097860185500304731e+00 7.285457863408858481e-01
7.164741182311020751e+00 7.283597212596449877e-01
7.229660232058746416e+00 7.281734738113482264e-01
7.296548611496099568e+00 7.279810781820796883e-01
7.361460952256936530e+00 7.278067066997738754e-01
7.426384424019147446e+00 7.276423361102906107e-01
7.493281167666943965e+00 7.274810149246255797e-01
7.560168772836328266e+00 7.273131585100250929e-01
7.625092684640471852e+00 7.271699240102520445e-01
7.691981720104214659e+00 7.270275327570769885e-01
7.758856632872353387e+00 7.268973040483693859e-01
7.823781736401071107e+00 7.267626625630060344e-01
7.890665533602763126e+00 7.266392126161589360e-01
7.957547895707025809e+00 7.265361174096151009e-01
8.024432715526458537e+00 7.264350106799025708e-01
8.091312894578615911e+00 7.263400285900399878e-01
8.156231332290223790e+00 7.262475469600634392e-01
8.223116581874467812e+00 7.261662501976511308e-01
8.290005658867448446e+00 7.260853308220180935e-01
8.356887976667534801e+00 7.260062762436206851e-01
8.423771032523763580e+00 7.259463214727100988e-01
8.490649481665329290e+00 7.258779709603349062e-01
8.557522350367349873e+00 7.258144487406992251e-01
8.626376676025207857e+00 7.257639528881518753e-01
8.693251874009416014e+00 7.257058412982072548e-01
8.760137337986265038e+00 7.256578739369184960e-01
8.827022795591556559e+00 7.256083474251003862e-01
8.893905300409556958e+00 7.255703299115847660e-01
8.962757034187051275e+00 7.255359703275402472e-01
9.029638390834049844e+00 7.255089898603557241e-01
9.096522111452518544e+00 7.254792981837565602e-01
9.163400371914971032e+00 7.254563134917069167e-01
9.232249026428238636e+00 7.254386906385844602e-01
9.299130327175733512e+00 7.254246905377376153e-01
9.367977980685536110e+00 7.254134227683485259e-01
9.434858015640854134e+00 7.254016820190252179e-01
9.501739249024337752e+00 7.253965891538325383e-01
9.570589856507513815e+00 7.253967678617402326e-01
9.637469464133818775e+00 7.253969268808740933e-01
9.706316802607689809e+00 7.253996796507726774e-01
9.773195826487254934e+00 7.254047186945499215e-01
9.842042844011377412e+00 7.254122026770555287e-01
9.908927704577966011e+00 7.254214180613054452e-01
9.977762896390560243e+00 7.254407153987312284e-01
1.004465004499451730e+01 7.254538924381780385e-01
1.011350100735234214e+01 7.254692035308282216e-01
1.018233900061627040e+01 7.254867870207254432e-01
1.024922478707371987e+01 7.255049391234357214e-01
1.031805344852075912e+01 7.255260421834592854e-01
1.038691368455561559e+01 7.255484913450714890e-01
1.045378908620439695e+01 7.255717960766717711e-01
1.052263177840422159e+01 7.255968462443656009e-01
1.059145515807881921e+01 7.256302503928311332e-01
1.065833751603589086e+01 7.256680102761791096e-01
1.072718651031614456e+01 7.257030985210686236e-01
1.079602911962509815e+01 7.257366515887169189e-01
1.086291675227231046e+01 7.257765305917293075e-01
1.093174634867176032e+01 7.258119200379420377e-01
1.100060863018865476e+01 7.258533849854258424e-01
1.106944280021283866e+01 7.258875458655803525e-01
1.113632850106881023e+01 7.259274200708688563e-01
1.120516010983548405e+01 7.259646650424732561e-01
1.127400380175584793e+01 7.260128908490999233e-01
1.134284179421775995e+01 7.260543362781710641e-01
1.141166806887219920e+01 7.260912508240159324e-01
1.147855127286295485e+01 7.261316342827992543e-01
1.154738782646477269e+01 7.261761280030184507e-01
1.161623630643874527e+01 7.262173560753630852e-01
1.168505842493518720e+01 7.262651458862312559e-01
1.175391536032990913e+01 7.263122928306140480e-01
1.182274638836601177e+01 7.263624341492975756e-01
1.188963104919130842e+01 7.264055322998530517e-01
1.195845547835299705e+01 7.264577786775688883e-01
1.202731478182330527e+01 7.265023729865165425e-01
1.209614475106909559e+01 7.265524046897609001e-01
1.216497054321082416e+01 7.265989643677037702e-01
1.223382825136705065e+01 7.266449812735398250e-01
1.230265209643498991e+01 7.266923853812035095e-01
1.237149194915828154e+01 7.267467712292990933e-01
1.243835940293698172e+01 7.267952324730531100e-01
1.250721747852188415e+01 7.268519137240089245e-01
1.257604450693293963e+01 7.269099689179138180e-01
1.264486038353455655e+01 7.269703525000054123e-01
1.271371810597256946e+01 7.270160038316016982e-01
1.278254776526070380e+01 7.270673448912763348e-01
1.285138401148426013e+01 7.271165355959973153e-01
1.292023907231533109e+01 7.271602365723830452e-01
1.298905686360941836e+01 7.272152043885943273e-01
1.305790479442187824e+01 7.272616405771133996e-01
1.312674690598830374e+01 7.273093267070479540e-01
1.319556909736137840e+01 7.273572353166755100e-01
1.326245161240712456e+01 7.274001720724617703e-01
1.333127245128977556e+01 7.274524406955364952e-01
1.340013155927415234e+01 7.274973143765146588e-01
1.346895469144718582e+01 7.275397192418701087e-01
1.353777762584361888e+01 7.275825339811612391e-01
1.360662785991119961e+01 7.276184345308178703e-01
1.367544878785064633e+01 7.276575978668978761e-01
1.374428214965908346e+01 7.277025530450342838e-01
1.381312932176007280e+01 7.277361022631647636e-01
1.388194465214492723e+01 7.277722168386342450e-01
1.395079351717117433e+01 7.278108828937225327e-01
1.401962713744571154e+01 7.278425061252835615e-01
1.408844962801130229e+01 7.278819029924764594e-01
1.415731004602544552e+01 7.279135409357888609e-01
1.422613149449683689e+01 7.279487647005731255e-01
1.429495740102530910e+01 7.279815866820370518e-01
1.436380453198201579e+01 7.280156318016592909e-01
1.443065403610304465e+01 7.280435252752239794e-01
1.449950750478413930e+01 7.280843698340583314e-01
1.456832939290377027e+01 7.281115538047453484e-01
1.463715672995220629e+01 7.281419219261808795e-01
1.470601147969335720e+01 7.281740289201111827e-01
1.477483341431962494e+01 7.281988613881852368e-01
1.484366314010727095e+01 7.282240604640741743e-01
1.491251548766716795e+01 7.282461229059210561e-01
1.498134130548035259e+01 7.282686894360268504e-01
1.505016219413117184e+01 7.282947635287981836e-01
1.511901645133012018e+01 7.283186950540114779e-01
1.518784059131670006e+01 7.283431821600337974e-01
1.525666672790968015e+01 7.283638620211067005e-01
1.532551926042055790e+01 7.283828100003350015e-01
1.539434006930996901e+01 7.284061183460476263e-01
1.546316063907522143e+01 7.284250989573129997e-01
1.553201883456828014e+01 7.284422966231309804e-01
1.560084111667786466e+01 7.284601702329263073e-01
1.566966170330494812e+01 7.284777154825025081e-01
1.573851229554905018e+01 7.284938367199347287e-01
1.580733752153031979e+01 7.285175104850966088e-01
1.587420836029781590e+01 7.285349328566123051e-01
1.594303882317274912e+01 7.285545831750886991e-01
1.601186431373854546e+01 7.285755892151120072e-01
1.608070385314540118e+01 7.285920940337482499e-01
1.614953816057106195e+01 7.286066511227683451e-01
1.621835749657712000e+01 7.286211938028388513e-01
1.628720481800497311e+01 7.286347488022072438e-01
1.635603911771559638e+01 7.286482534816166590e-01
1.642485842115023686e+01 7.286619749940212998e-01
1.649369239789430708e+01 7.286750873617698909e-01
1.656253582770512622e+01 7.286877368321700299e-01
1.663135523357358636e+01 7.287007122886387522e-01
1.670017717330813412e+01 7.287145252460772715e-01
1.676903287616554294e+01 7.287295358747003515e-01
1.683784920864419732e+01 7.287429174463549986e-01
1.690667151955652514e+01 7.287558207150617307e-01
1.697552931859645398e+01 7.287674502274464894e-01
1.704434958616865714e+01 7.287797109277710517e-01
1.711317256878500714e+01 7.287961666940505623e-01
1.718202473641668959e+01 7.288074998988426367e-01
1.724886205613335477e+01 7.288251293594409930e-01
1.731771227938800806e+01 7.288364066830114174e-01
1.738653593004511322e+01 7.288519639647230708e-01
1.745535514063758953e+01 7.288643477260937642e-01
1.752419771241965307e+01 7.288754321824371107e-01
1.759303186447459311e+01 7.288876074498433777e-01
1.766185080915786543e+01 7.289000165385816077e-01
1.773069642553486958e+01 7.289153456244388263e-01
1.779953444849171262e+01 7.289262638687885598e-01
1.786835332293590284e+01 7.289385876642890949e-01
1.793718855792569755e+01 7.289570864737987543e-01
1.800603171474532260e+01 7.289685745957309448e-01
1.807485081051050457e+01 7.289805789142876913e-01
1.814367628992647852e+01 7.289923827074149543e-01
1.821252643251181880e+01 7.290033136080665832e-01
1.828134644648308083e+01 7.290151842064824805e-01
1.835016653850764712e+01 7.290307207329840278e-01
1.841703709448104576e+01 7.290439244943527353e-01
1.848585914537725472e+01 7.290609475745234436e-01
1.855470567722928976e+01 7.290740400891549955e-01
1.862353129564297660e+01 7.290855816470795947e-01
1.869235021275776631e+01 7.290972331828009523e-01
1.876118868316603283e+01 7.291087481477364074e-01
1.883002350531217672e+01 7.291211539735075187e-01
1.889883830687076482e+01 7.291330794619397260e-01
1.896767580505405348e+01 7.291441310770464534e-01
1.903651882798741468e+01 7.291540074673098504e-01
1.910534312594272066e+01 7.291701283429873337e-01
1.917416460893382890e+01 7.291794717851992624e-01
1.924301881695071970e+01 7.291888605482987895e-01
1.931183890029547356e+01 7.291984031694993540e-01
1.938065918682203659e+01 7.292113359724550214e-01
1.944753727254105513e+01 7.292201143681301678e-01
1.951635729002791209e+01 7.292289229634694170e-01
1.958521139963893987e+01 7.292356481411322866e-01
1.965403842056965189e+01 7.292506862200166529e-01
1.972285750473753652e+01 7.292586694037070938e-01
1.979169612428531977e+01 7.292649504898605084e-01
1.986053157406149339e+01 7.292695550415929651e-01
1.992935321524461401e+01 7.292796009361871556e-01
1.999818679505640873e+01 7.292857913934301939e-01
2.006702993077523089e+01 7.292914220185447993e-01
2.013584645275860296e+01 7.293005601713217212e-01
2.020467208610460830e+01 7.293062146227774489e-01
2.027154256452455172e+01 7.293107154090703315e-01
2.034036464367348174e+01 7.293156965763032407e-01
2.040921670245614195e+01 7.293193864889566669e-01
2.047803882916261387e+01 7.293239475606557720e-01
2.054685895363617831e+01 7.293282800142213418e-01
2.061571622025688555e+01 7.293332085522493680e-01
2.068453419503670787e+01 7.293379242928648143e-01
2.075335317105308519e+01 7.293418515590253115e-01
2.082218491556451667e+01 7.293486348344220271e-01
2.089103009962218138e+01 7.293477749158288059e-01
2.095984937045859198e+01 7.293509591881791598e-01
2.102672344691011475e+01 7.293566336458335853e-01
2.109554501568726792e+01 7.293633716375874654e-01
2.116436712797677799e+01 7.293660201122962317e-01
2.123321926941650517e+01 7.293675388548616079e-01
2.130204144812743294e+01 7.293699795002136499e-01
2.137086161649909855e+01 7.293722948415550800e-01
2.143971593825192556e+01 7.293726623604761539e-01
2.150853776332997214e+01 7.293756332465380909e-01
2.157735700307434357e+01 7.293776729581461504e-01
2.164619986002536223e+01 7.293790263560273601e-01
2.171503417731654650e+01 7.293805333223084553e-01
2.178188686301013988e+01 7.293822886029136532e-01
2.185073017172597787e+01 7.293833218782850292e-01
2.191954951895946024e+01 7.293850059686929344e-01
2.198837338443852119e+01 7.293893573459784285e-01
2.205722226387298690e+01 7.293906857362538743e-01
2.212604443243456842e+01 7.293924560078919317e-01
2.219486461547822032e+01 7.293940961029642400e-01
2.226371276099889585e+01 7.293912938267843593e-01
2.233254083829264758e+01 7.293961183302070106e-01
2.240136009612536228e+01 7.293976290319919009e-01
2.246823715447941439e+01 7.293983162822479382e-01
2.253705616140669576e+01 7.293998931675936825e-01
2.260588987870056243e+01 7.294009131124996603e-01
2.267473318620925582e+01 7.294017571246155240e-01
2.274355251172132952e+01 7.294033173961177452e-01
2.281237418484606394e+01 7.294040924385591929e-01
2.288122862319958628e+01 7.294050974401402598e-01
2.295004896915139980e+01 7.294066671082291009e-01
2.301887106231345115e+01 7.294082098016658744e-01
2.308771350943906953e+01 7.294055003422326156e-01
2.315456547628511075e+01 7.294107757508133671e-01
2.322341579518730370e+01 7.294114192783959227e-01
2.329223777698485875e+01 7.294128323186825913e-01
2.336105676539351705e+01 7.294146395972843644e-01
2.342989043295708029e+01 7.294159513582111343e-01
2.349873373406715871e+01 7.294170145936835770e-01
2.356755304745449209e+01 7.294188080838421850e-01
2.363637468898580707e+01 7.294200064196634248e-01
2.370522905445393747e+01 7.294215128868984932e-01
2.377404529294375024e+01 7.294228655058987432e-01
2.384091942858973212e+01 7.294238516421810425e-01
2.390974154741358504e+01 7.294256240413721226e-01
2.397856167355154255e+01 7.294273774875545957e-01
2.404741195142945287e+01 7.294282526923983045e-01
2.411623768490695952e+01 7.294300221823877273e-01
2.418506084971827619e+01 7.294325739071556569e-01
2.425389042305593534e+01 7.294340593812501661e-01
2.432272965711288748e+01 7.294346941188811773e-01
2.439154891652998458e+01 7.294366485805463540e-01
2.445842489125197972e+01 7.294377378880185780e-01
2.452724515988327525e+01 7.294398052507672370e-01
2.459607121509981909e+01 7.294424636416646512e-01
2.466492332060808934e+01 7.294435008336389581e-01
2.473374542345132454e+01 7.294455150484165928e-01
2.480256553758010796e+01 7.294474534015128464e-01
2.487141581954405467e+01 7.294485641811692123e-01
2.494024155843671764e+01 7.294506188415075254e-01
2.500906068960307138e+01 7.294528047543262783e-01
2.507790342382227067e+01 7.294543412876395294e-01
2.514475658888151344e+01 7.294563419680001326e-01
2.521359026082326693e+01 7.294579734303047180e-01
2.528243353526193360e+01 7.294594166234336097e-01
2.535124905764615377e+01 7.294614795345878422e-01
2.542007107963189938e+01 7.294634880971690993e-01
2.548892314687171989e+01 7.294644168636491566e-01
2.555774524303070550e+01 7.294663574293290820e-01
2.562656533775427192e+01 7.294682404684419419e-01
2.569541560251769141e+01 7.294691122602143807e-01
2.576226052984968717e+01 7.294709660660919637e-01
2.583110330778946206e+01 7.294719176806805372e-01
2.589993754337750076e+01 7.294729895107922024e-01
2.596875649123090213e+01 7.294745332734707821e-01
2.603759014968034791e+01 7.294755056072654842e-01
2.610643341992435751e+01 7.294762582058857969e-01
2.617524896327823924e+01 7.294777151791981273e-01
2.624407100920922531e+01 7.294791431234061152e-01
2.631292313781870007e+01 7.294794776618844789e-01
2.637976539259954478e+01 7.294810583925546155e-01
2.644861571018327240e+01 7.294813372690995834e-01
2.651744149634517456e+01 7.294825569810832189e-01
2.658626067912767965e+01 7.294840215158774344e-01
2.658824150459405544e+01 7.294837065324053516e-01
